chrom1	pos1	chrom2	pos2	++	+-	-+	--	++/--	+-/-+	original resolution	fine-mapped resolution	gap info
X	125280000	X	142150000	7.873e-14	8.854e-11	8.951e-11	1.0	3.63e-09	2.172e-13	25000	10000	0,0
X	118270000	X	145590000	2.319e-11	4.341e-13	1.0	4.934e-12	1.076e-13	6.196e-10	25000	10000	0,0
X	24480000	X	130400000	2.004e-11	1.0	9.839e-13	1.89e-11	2.293e-13	4.736e-09	25000	10000	0,0
X	38160000	X	47880000	1.622e-09	1.0	1.477e-10	2.609e-10	5.084e-12	1.559e-06	25000	10000	0,0
X	129240000	X	141090000	1.403e-09	0.9999	1.47e-09	5.071e-09	6.612e-11	3.179e-06	25000	10000	0,0
X	54050000	X	55030000	1.18e-09	1.727e-10	0.9998	4.238e-09	9.366e-12	5.721e-09	25000	10000	0,0
X	24480000	X	153330000	4.207e-10	3.009e-07	6.605e-08	0.9993	5.408e-08	8.043e-10	25000	10000	0,0
X	117140000	X	143760000	5.665e-08	1.201e-07	0.9939	9.702e-08	5.159e-09	2.858e-06	25000	10000	0,0
X	55640000	X	118180000	1.174e-05	0.9845	3.116e-06	8.973e-06	1.837e-06	2.785e-05	25000	10000	0,0
X	11300000	X	50275000	0.9743	1.574e-07	4.183e-06	6.075e-07	1.501e-06	1.054e-08	50000	25000	0,0
X	121870000	X	131100000	0.9734	7.015e-07	3.254e-07	4.057e-09	9.101e-07	9.646e-09	25000	10000	0,0
X	51700000	X	117140000	4.812e-06	0.9641	8.775e-07	9.244e-06	8.69e-08	2.179e-06	25000	10000	0,0
X	7160000	X	7580000	2.126e-08	0.886	1.305e-08	2.743e-08	3.729e-09	1.596e-07	50000	10000	0,0
X	10925000	X	11275000	1.637e-07	4.444e-09	0.4301	2.259e-05	8.678e-08	3.733e-08	25000	25000	0,0
X	118200000	X	130950000	1.375e-06	4.663e-06	0.3161	0.0001499	6.865e-07	4.669e-06	50000	50000	0,0
X	38125000	X	48400000	0.2481	7.031e-06	0.001693	1.337e-05	2.539e-06	2.231e-07	25000	25000	0,0
X	11275000	X	50275000	0.234	1.555e-06	4.899e-06	5.073e-07	1.515e-05	5.006e-07	25000	25000	0,0
X	10650000	X	48450000	7.878e-09	0.1485	3.02e-08	4.477e-07	8.762e-09	9.153e-08	25000	25000	1,0
X	53000000	X	123200000	3.615e-07	1.417e-06	0.1433	1.16e-06	1.175e-08	5.058e-07	50000	50000	2,0
X	129200000	X	141150000	0.1332	0.03492	2.236e-05	1.134e-06	2.023e-06	9.831e-06	50000	50000	0,0
X	24450000	X	121850000	0.1154	1.189e-05	4.089e-07	9.456e-08	8.003e-07	4.839e-08	50000	25000	0,0
X	77350000	X	77775000	3.968e-06	4.46e-07	0.1045	5.618e-06	3.82e-07	1.15e-07	25000	25000	0,0
